episode;step;epsilon;potential_wind#0;action_wind#0;power_wind#0;idx_wind#0;potential_battery#0;action_battery#0;power_battery#0;idx_battery#0;soc_battery#0;soc_idx_battery#0;potential_grid#0;action_grid#0;power_grid#0;idx_grid#0;env_price;env_price_idx;env_renewable_potential;env_renewable_potential_idx;env_total_renewable;env_total_renewable_idx;env_total_power;env_total_power_idx;env_demand_power;env_demand_power_idx;env_grid_power;env_grid_power_idx;env_energy_balance;env_energy_balance_idx;env_delta_power_idx;reward_wind#0;reward_battery#0;reward_grid#0;env_delta_ph_initial;env_delta_ph_final;env_delta_ph_norm;env_delta_ph_idx;env_real_balance;env_real_balance_norm;env_real_balance_idx
959;-1;0,000000;;;0,000000;1;;;0,000000;0;0,014964;0;;;0,000000;1;0,000000;0;0,000000;0;0,000000;0;0,000000;0;0,000000;0;0,000000;0;0,000000;0;surplus;0,000000;0,000000;0,000000;;;;;;;
959;0;0,616246;22715,212166;0,000000;0,000000;1;0,000000;1,000000;0,000000;0;0,014964;0;62104,635925;0,000000;0,000000;0;46,352067;0;33002,934367;0;0,000000;0;0,000000;0;62104,635925;1;0,000000;0;-62104,635925;0;;1,000000;-1,000000;1,000000;-29101,701558;-29101,701558;-0,097006;-1,000000;-62104,635925;-0,207015;-1,000000
959;1;0,616246;24245,857756;0,000000;0,000000;1;0,000000;1,000000;0,000000;0;0,014964;0;57089,789928;0,000000;0,000000;0;47,568863;0;33997,244060;0;0,000000;0;0,000000;0;57089,789928;1;0,000000;0;-57089,789928;0;;1,000000;-1,000000;1,000000;-23092,545868;-23092,545868;-0,076975;-1,000000;-57089,789928;-0,190299;-1,000000
959;2;0,616246;15607,645205;0,000000;0,000000;1;64602,158855;2,000000;64602,158855;0;0,012272;0;0,000000;0,000000;0,000000;0;61,413808;0;24146,963303;0;0,000000;0;64602,158855;1;64602,158855;1;0,000000;0;0,000000;0;;1,000000;-1,000000;1,000000;-40455,195552;-40455,195552;-0,134851;-1,000000;-64602,158855;-0,215341;-1,000000
959;3;0,616246;27242,726567;1,000000;27242,726567;1;0,000000;0,000000;0,000000;0;0,012272;0;30859,045197;1,000000;30859,045197;1;40,363671;0;7119,674931;0;27242,726567;1;58101,771764;1;58101,771764;1;30859,045197;1;0,000000;0;;-1,000000;-1,000000;1,000000;-23739,370266;-50982,096834;-0,169940;-1,000000;-30859,045197;-0,102863;-1,000000
959;4;0,616246;12324,889604;0,000000;0,000000;1;0,000000;0,000000;0,000000;0;0,012272;0;105457,391461;0,000000;0,000000;0;81,086390;0;17831,674286;0;0,000000;0;0,000000;0;105457,391461;1;0,000000;0;-105457,391461;0;;1,000000;-1,000000;-1,000000;-87625,717175;-87625,717175;-0,292086;-1,000000;-105457,391461;-0,351525;-1,000000
959;5;0,616246;24321,029923;0,000000;0,000000;1;0,000000;0,000000;0,000000;0;0,012272;0;120000,000000;1,000000;120000,000000;1;87,392938;0;28970,173520;0;0,000000;0;120000,000000;1;120000,000000;1;120000,000000;1;0,000000;0;;1,000000;-1,000000;1,000000;-91029,826480;-91029,826480;-0,303433;-1,000000;-120000,000000;-0,400000;-1,000000
959;6;0,616246;26596,172978;0,000000;0,000000;1;0,000000;1,000000;0,000000;0;0,012272;0;109520,887841;1,000000;109520,887841;1;93,469382;0;29845,513666;0;0,000000;0;109520,887841;1;109520,887841;1;109520,887841;1;0,000000;0;;1,000000;-1,000000;-1,000000;-79675,374175;-79675,374175;-0,265585;-1,000000;-109520,887841;-0,365070;-1,000000
959;7;0,616246;23908,011780;1,000000;23908,011780;1;0,000000;1,000000;0,000000;0;0,012272;0;93443,259864;0,000000;0,000000;0;87,117054;0;0,000000;0;23908,011780;1;23908,011780;1;117351,271644;1;0,000000;0;-93443,259864;0;;-1,000000;-1,000000;1,000000;-93443,259864;-117351,271644;-0,391171;-1,000000;-93443,259864;-0,311478;-1,000000
959;8;0,616246;24413,803906;1,000000;24413,803906;1;0,000000;1,000000;0,000000;0;0,012272;0;40388,439920;0,000000;0,000000;0;55,024813;0;0,000000;0;24413,803906;1;24413,803906;1;64802,243826;1;0,000000;0;-40388,439920;0;;-1,000000;-1,000000;1,000000;-40388,439920;-64802,243826;-0,216007;-1,000000;-40388,439920;-0,134628;-1,000000
959;9;0,616246;41728,612694;1,000000;41728,612694;1;0,000000;0,000000;0,000000;0;0,012272;0;36201,909046;0,000000;0,000000;0;42,752533;0;0,000000;0;41728,612694;1;41728,612694;1;77930,521740;1;0,000000;0;-36201,909046;0;;-1,000000;-1,000000;-1,000000;-36201,909046;-77930,521740;-0,259768;-1,000000;-36201,909046;-0,120673;-1,000000
959;10;0,616246;24650,510153;1,000000;24650,510153;1;0,000000;1,000000;0,000000;0;0,012272;0;14174,403767;0,000000;0,000000;0;35,237257;0;0,000000;0;24650,510153;1;24650,510153;1;38824,913920;1;0,000000;0;-14174,403767;0;;-1,000000;-1,000000;1,000000;-14174,403767;-38824,913920;-0,129416;-1,000000;-14174,403767;-0,047248;-1,000000
959;11;0,616246;50420,310321;0,000000;0,000000;1;0,000000;1,000000;0,000000;0;0,012272;0;29008,530359;0,000000;0,000000;0;30,924331;0;50420,310321;0;0,000000;0;0,000000;0;29008,530359;1;0,000000;0;-29008,530359;0;;-1,000000;-1,000000;1,000000;21411,779962;21411,779962;0,071373;1,000000;-29008,530359;-0,096695;-1,000000
959;12;0,616246;34732,744626;1,000000;34732,744626;1;0,000000;0,000000;0,000000;0;0,012272;0;0,000000;1,000000;0,000000;0;30,877493;0;0,000000;0;34732,744626;1;34732,744626;1;31773,613740;1;0,000000;0;2959,130886;1;;1,000000;1,000000;-0,250000;2959,130886;-31773,613740;-0,105912;-1,000000;2959,130886;0,009864;0,000000
959;13;0,616246;32031,608096;1,000000;32031,608096;1;0,000000;1,000000;0,000000;0;0,012272;0;1415,806464;1,000000;1415,806464;1;17,169859;0;0,000000;0;32031,608096;1;33447,414560;1;33447,414560;1;1415,806464;1;0,000000;0;;1,000000;-1,000000;-1,000000;-1415,806464;-33447,414560;-0,111491;-1,000000;-1415,806464;-0,004719;0,000000
959;14;0,616246;35038,916127;0,000000;0,000000;1;36232,086569;2,000000;36232,086569;0;0,010763;0;0,000000;0,000000;0,000000;0;31,656615;0;35038,916127;0;0,000000;0;36232,086569;1;36232,086569;1;0,000000;0;0,000000;0;;1,000000;-1,000000;1,000000;-1193,170442;-1193,170442;-0,003977;0,000000;-36232,086569;-0,120774;-1,000000
959;15;0,616246;51114,679432;1,000000;51114,679432;1;0,000000;2,000000;0,000000;0;0,010763;0;0,000000;1,000000;0,000000;0;15,136050;0;0,000000;0;51114,679432;1;51114,679432;1;32477,906852;1;0,000000;0;18636,772580;1;;-1,000000;-1,000000;-1,000000;18636,772580;-32477,906852;-0,108260;-1,000000;18636,772580;0,062123;1,000000
959;16;0,616246;23533,419625;1,000000;23533,419625;1;0,000000;1,000000;0,000000;0;0,010763;0;64362,481985;0,000000;0,000000;0;60,831138;0;55,482541;0;23533,419625;1;23533,419625;1;87895,901610;1;0,000000;0;-64362,481985;0;;-1,000000;-1,000000;1,000000;-64306,999444;-87840,419069;-0,292801;-1,000000;-64362,481985;-0,214542;-1,000000
959;17;0,616246;13524,399101;0,000000;0,000000;1;0,000000;0,000000;0,000000;0;0,010763;0;89278,914781;1,000000;89278,914781;1;63,090997;0;13608,447625;0;0,000000;0;89278,914781;1;89278,914781;1;89278,914781;1;0,000000;0;;1,000000;-1,000000;1,000000;-75670,467156;-75670,467156;-0,252235;-1,000000;-89278,914781;-0,297596;-1,000000
959;18;0,616246;15241,268857;0,000000;0,000000;1;0,000000;1,000000;0,000000;0;0,010763;0;92487,760573;0,000000;0,000000;0;65,284524;0;15377,223708;0;0,000000;0;0,000000;0;92487,760573;1;0,000000;0;-92487,760573;0;;1,000000;-1,000000;1,000000;-77110,536865;-77110,536865;-0,257035;-1,000000;-92487,760573;-0,308293;-1,000000
959;19;0,616246;18937,579002;0,000000;0,000000;1;0,000000;0,000000;0,000000;0;0,010763;0;98062,985062;0,000000;0,000000;0;69,410715;0;19108,742624;0;0,000000;0;0,000000;0;98062,985062;1;0,000000;0;-98062,985062;0;;1,000000;-1,000000;-1,000000;-78954,242438;-78954,242438;-0,263181;-1,000000;-98062,985062;-0,326877;-1,000000
959;20;0,616246;10681,264881;1,000000;10681,264881;1;0,000000;0,000000;0,000000;0;0,010763;0;59687,451984;0,000000;0,000000;0;51,176506;0;241,579274;0;10681,264881;1;10681,264881;1;70368,716865;1;0,000000;0;-59687,451984;0;;-1,000000;-1,000000;-1,000000;-59445,872710;-70127,137592;-0,233757;-1,000000;-59687,451984;-0,198958;-1,000000
959;21;0,616246;18891,533445;0,000000;0,000000;1;0,000000;1,000000;0,000000;0;0,010763;0;64963,079323;0,000000;0,000000;0;35,817902;0;19173,392417;0;0,000000;0;0,000000;0;64963,079323;1;0,000000;0;-64963,079323;0;;1,000000;-1,000000;1,000000;-45789,686906;-45789,686906;-0,152632;-1,000000;-64963,079323;-0,216544;-1,000000
959;22;0,616246;26740,617758;1,000000;26740,617758;1;0,000000;0,000000;0,000000;0;0,010763;0;44620,506234;1,000000;44620,506234;1;53,845935;0;276,175818;0;26740,617758;1;71361,123993;1;71361,123993;1;44620,506234;1;0,000000;0;;-1,000000;-1,000000;1,000000;-44344,330417;-71084,948175;-0,236950;-1,000000;-44620,506234;-0,148735;-1,000000
959;23;0,616246;22747,342126;1,000000;22747,342126;1;0,000000;0,000000;0,000000;0;0,010763;0;31922,431509;0,000000;0,000000;0;42,011569;0;375,973828;0;22747,342126;1;22747,342126;1;54669,773636;1;0,000000;0;-31922,431509;0;;-1,000000;-1,000000;-1,000000;-31546,457681;-54293,799808;-0,180979;-1,000000;-31922,431509;-0,106408;-1,000000
959;24;0,616246;20313,966879;0,000000;0,000000;1;0,000000;1,000000;0,000000;0;0,010763;0;60418,041434;1,000000;60418,041434;1;39,352418;0;20696,588261;0;0,000000;0;60418,041434;1;60418,041434;1;60418,041434;1;0,000000;0;;1,000000;-1,000000;-1,000000;-39721,453173;-39721,453173;-0,132405;-1,000000;-60418,041434;-0,201393;-1,000000
959;25;0,616246;18530,549775;0,000000;0,000000;1;67782,752293;2,000000;67782,752293;0;0,007938;0;0,000000;0,000000;0,000000;0;39,732104;0;18829,428492;0;0,000000;0;67782,752293;1;67782,752293;1;0,000000;0;0,000000;0;;1,000000;-1,000000;1,000000;-48953,323801;-48953,323801;-0,163178;-1,000000;-67782,752293;-0,225943;-1,000000
959;26;0,616246;26841,047184;0,000000;0,000000;1;0,000000;0,000000;0,000000;0;0,007938;0;54796,486741;0,000000;0,000000;0;50,681133;0;27109,801075;0;0,000000;0;0,000000;0;54796,486741;1;0,000000;0;-54796,486741;0;;1,000000;-1,000000;-1,000000;-27686,685666;-27686,685666;-0,092289;-1,000000;-54796,486741;-0,182655;-1,000000
959;27;0,616246;17392,624014;0,000000;0,000000;1;0,000000;1,000000;0,000000;0;0,007938;0;60018,428629;0,000000;0,000000;0;52,427883;0;17627,819027;0;0,000000;0;0,000000;0;60018,428629;1;0,000000;0;-60018,428629;0;;1,000000;-1,000000;1,000000;-42390,609602;-42390,609602;-0,141302;-1,000000;-60018,428629;-0,200061;-1,000000
959;28;0,616246;32034,911465;0,000000;0,000000;1;113218,140827;2,000000;113218,140827;0;0,003221;0;0,000000;0,000000;0,000000;0;92,703935;0;32218,777645;0;0,000000;0;113218,140827;1;113218,140827;1;0,000000;0;0,000000;0;;1,000000;-1,000000;1,000000;-80999,363183;-80999,363183;-0,269998;-1,000000;-113218,140827;-0,377394;-1,000000
959;29;0,616246;41800,401749;0,000000;0,000000;1;0,000000;1,000000;0,000000;0;0,003221;0;116067,223869;1,000000;116067,223869;1;85,640445;0;41938,317917;0;0,000000;0;116067,223869;1;116067,223869;1;116067,223869;1;0,000000;0;;1,000000;-1,000000;-1,000000;-74128,905952;-74128,905952;-0,247096;-1,000000;-116067,223869;-0,386891;-1,000000
959;30;0,616246;29988,724954;0,000000;0,000000;1;0,000000;0,000000;0,000000;0;0,003221;0;116705,441112;0,000000;0,000000;0;76,048002;0;30093,250018;0;0,000000;0;0,000000;0;116705,441112;1;0,000000;0;-116705,441112;0;;1,000000;-1,000000;-1,000000;-86612,191095;-86612,191095;-0,288707;-1,000000;-116705,441112;-0,389018;-1,000000
959;31;0,616246;28098,797103;0,000000;0,000000;1;0,000000;0,000000;0,000000;0;0,003221;0;115700,834351;1,000000;115700,834351;1;95,474061;0;28098,797103;0;0,000000;0;115700,834351;1;115700,834351;1;115700,834351;1;0,000000;0;;1,000000;-1,000000;1,000000;-87602,037249;-87602,037249;-0,292007;-1,000000;-115700,834351;-0,385669;-1,000000
959;32;0,616246;35440,898578;0,000000;0,000000;1;0,000000;1,000000;0,000000;0;0,003221;0;79527,008092;0,000000;0,000000;0;68,382854;0;35440,898578;0;0,000000;0;0,000000;0;79527,008092;1;0,000000;0;-79527,008092;0;;1,000000;-1,000000;1,000000;-44086,109514;-44086,109514;-0,146954;-1,000000;-79527,008092;-0,265090;-1,000000
959;33;0,616246;35892,754405;1,000000;35892,754405;1;31171,023251;2,000000;31171,023251;0;0,001922;0;0,000000;0,000000;0,000000;0;45,950163;0;0,000000;0;35892,754405;1;67063,777657;1;67063,777657;1;0,000000;0;0,000000;0;;-1,000000;-1,000000;1,000000;-31171,023251;-67063,777657;-0,223546;-1,000000;-31171,023251;-0,103903;-1,000000
959;34;0,616246;24786,503062;1,000000;24786,503062;1;0,000000;0,000000;0,000000;0;0,001922;0;10277,918929;1,000000;10277,918929;1;34,793859;0;0,000000;0;24786,503062;1;35064,421990;1;35064,421990;1;10277,918929;1;0,000000;0;;-1,000000;-1,000000;1,000000;-10277,918929;-35064,421990;-0,116881;-1,000000;-10277,918929;-0,034260;-1,000000
959;35;0,616246;26955,018453;0,000000;0,000000;1;0,000000;0,000000;0,000000;0;0,001922;0;23738,199154;0,000000;0,000000;0;30,470684;0;26955,018453;0;0,000000;0;0,000000;0;23738,199154;1;0,000000;0;-23738,199154;0;;-1,000000;-1,000000;-1,000000;3216,819299;3216,819299;0,010723;1,000000;-23738,199154;-0,079127;-1,000000
959;36;0,616246;20779,421316;0,000000;0,000000;1;34367,574601;2,000000;34367,574601;0;0,000490;0;0,000000;0,000000;0,000000;0;28,993595;0;20779,421316;0;0,000000;0;34367,574601;1;34367,574601;1;0,000000;0;0,000000;0;;1,000000;-1,000000;1,000000;-13588,153284;-13588,153284;-0,045294;-1,000000;-34367,574601;-0,114559;-1,000000
959;37;0,616246;34215,722813;0,000000;0,000000;1;0,000000;0,000000;0,000000;0;0,000490;0;37562,835731;1,000000;37562,835731;1;28,938825;0;34215,722813;0;0,000000;0;37562,835731;1;37562,835731;1;37562,835731;1;0,000000;0;;1,000000;-1,000000;1,000000;-3347,112918;-3347,112918;-0,011157;-1,000000;-37562,835731;-0,125209;-1,000000
959;38;0,616246;36214,491818;1,000000;36214,491818;1;0,000000;0,000000;0,000000;0;0,000490;0;0,000000;0,000000;0,000000;0;25,157638;0;0,000000;0;36214,491818;1;36214,491818;1;30049,402024;1;0,000000;0;6165,089794;1;;-1,000000;-1,000000;1,000000;6165,089794;-30049,402024;-0,100165;-1,000000;6165,089794;0,020550;1,000000
959;39;0,616246;20565,405835;1,000000;20565,405835;1;562,184596;2,000000;562,184596;0;0,000467;0;0,000000;1,000000;0,000000;0;29,845715;0;0,000000;0;20565,405835;1;21127,590431;1;21127,590431;1;0,000000;0;0,000000;0;;1,000000;-1,000000;-1,000000;-562,184596;-21127,590431;-0,070425;-1,000000;-562,184596;-0,001874;0,000000
959;40;0,616246;27508,765100;0,000000;0,000000;1;0,000000;1,000000;0,000000;0;0,000467;0;92538,973882;0,000000;0,000000;0;57,656061;0;29144,325387;0;0,000000;0;0,000000;0;92538,973882;1;0,000000;0;-92538,973882;0;;1,000000;-1,000000;1,000000;-63394,648495;-63394,648495;-0,211315;-1,000000;-92538,973882;-0,308463;-1,000000
959;41;0,616246;12351,683532;0,000000;0,000000;1;0,000000;0,000000;0,000000;0;0,000467;0;92790,234168;0,000000;0,000000;0;66,455551;0;14757,160186;0;0,000000;0;0,000000;0;92790,234168;1;0,000000;0;-92790,234168;0;;1,000000;-1,000000;-1,000000;-78033,073982;-78033,073982;-0,260110;-1,000000;-92790,234168;-0,309301;-1,000000
959;42;0,616246;14439,770005;0,000000;0,000000;1;0,000000;0,000000;0,000000;0;0,000467;0;95971,244570;1,000000;95971,244570;1;59,942750;0;17765,935770;0;0,000000;0;95971,244570;1;95971,244570;1;95971,244570;1;0,000000;0;;1,000000;-1,000000;1,000000;-78205,308800;-78205,308800;-0,260684;-1,000000;-95971,244570;-0,319904;-1,000000
959;43;0,616246;21190,389404;1,000000;21190,389404;1;0,000000;0,000000;0,000000;0;0,000467;0;80571,581097;1,000000;80571,581097;1;76,153640;0;4811,402451;0;21190,389404;1;101761,970501;1;101761,970501;1;80571,581097;1;0,000000;0;;-1,000000;-1,000000;1,000000;-75760,178646;-96950,568050;-0,323169;-1,000000;-80571,581097;-0,268572;-1,000000
959;44;0,616246;15209,520440;0,000000;0,000000;1;0,000000;1,000000;0,000000;0;0,000467;0;66886,938703;0,000000;0,000000;0;52,235263;0;21753,782732;0;0,000000;0;0,000000;0;66886,938703;1;0,000000;0;-66886,938703;0;;1,000000;-1,000000;1,000000;-45133,155971;-45133,155971;-0,150444;-1,000000;-66886,938703;-0,222956;-1,000000
959;45;0,616246;17224,048477;0,000000;0,000000;1;64743,883575;2,000000;11200,129000;0;0,000000;0;53543,754575;1,000000;53543,754575;1;43,421108;0;26275,205587;0;0,000000;0;64743,883575;1;64743,883575;1;53543,754575;1;0,000000;0;;1,000000;-1,000000;-1,000000;-38468,677988;-38468,677988;-0,128229;-1,000000;-64743,883575;-0,215813;-1,000000
959;46;0,616246;11047,681816;0,000000;0,000000;1;0,000000;0,000000;0,000000;0;0,000000;0;63346,050025;0,000000;0,000000;0;47,699491;0;19645,011685;0;0,000000;0;0,000000;0;63346,050025;1;0,000000;0;-63346,050025;0;;1,000000;-1,000000;-1,000000;-43701,038340;-43701,038340;-0,145670;-1,000000;-63346,050025;-0,211154;-1,000000
959;47;0,616246;22744,647427;0,000000;0,000000;1;0,000000;1,000000;0,000000;0;0,000000;0;57430,670553;0,000000;0,000000;0;37,952362;0;32462,717239;0;0,000000;0;0,000000;0;57430,670553;1;0,000000;0;-57430,670553;0;;1,000000;-1,000000;1,000000;-24967,953314;-24967,953314;-0,083227;-1,000000;-57430,670553;-0,191436;-1,000000
959;48;0,616246;21488,373307;0,000000;0,000000;1;0,000000;0,000000;0,000000;0;0,000000;0;58696,410941;0,000000;0,000000;0;52,898929;0;31022,976858;0;0,000000;0;0,000000;0;58696,410941;1;0,000000;0;-58696,410941;0;;1,000000;-1,000000;-1,000000;-27673,434082;-27673,434082;-0,092245;-1,000000;-58696,410941;-0,195655;-1,000000
959;49;0,616246;17769,009444;0,000000;0,000000;1;0,000000;0,000000;0,000000;0;0,000000;0;54083,867501;1,000000;54083,867501;1;51,277823;0;27590,392749;0;0,000000;0;54083,867501;1;54083,867501;1;54083,867501;1;0,000000;0;;1,000000;-1,000000;1,000000;-26493,474752;-26493,474752;-0,088312;-1,000000;-54083,867501;-0,180280;-1,000000
959;50;0,616246;20702,108629;1,000000;20702,108629;1;0,000000;0,000000;0,000000;0;0,000000;0;39341,280503;0,000000;0,000000;0;48,853647;0;9514,888643;0;20702,108629;1;20702,108629;1;60043,389132;1;0,000000;0;-39341,280503;0;;-1,000000;-1,000000;-1,000000;-29826,391860;-50528,500489;-0,168428;-1,000000;-39341,280503;-0,131138;-1,000000
959;51;0,616246;22708,276933;0,000000;0,000000;1;0,000000;0,000000;0,000000;0;0,000000;0;58633,545122;1,000000;58633,545122;1;53,314714;0;28991,258558;0;0,000000;0;58633,545122;1;58633,545122;1;58633,545122;1;0,000000;0;;1,000000;-1,000000;1,000000;-29642,286563;-29642,286563;-0,098808;-1,000000;-58633,545122;-0,195445;-1,000000
959;52;0,616246;17302,333498;1,000000;17302,333498;1;99720,842657;2,000000;0,000000;0;0,000000;0;99720,842657;0,000000;0,000000;0;93,149230;0;4910,128048;0;17302,333498;1;17302,333498;1;117023,176155;1;0,000000;0;-99720,842657;0;;-1,000000;-1,000000;1,000000;-94810,714610;-112113,048108;-0,373710;-1,000000;-99720,842657;-0,332403;-1,000000
959;53;0,616246;17626,492739;1,000000;17626,492739;1;0,000000;0,000000;0,000000;0;0,000000;0;95141,274569;1,000000;95141,274569;1;94,025386;0;4051,022158;0;17626,492739;1;112767,767309;1;112767,767309;1;95141,274569;1;0,000000;0;;-1,000000;-1,000000;1,000000;-91090,252411;-108716,745150;-0,362389;-1,000000;-95141,274569;-0,317138;-1,000000
959;54;0,616246;40547,765911;1,000000;40547,765911;1;0,000000;0,000000;0,000000;0;0,000000;0;74112,478222;1,000000;74112,478222;1;96,327908;0;2709,753692;0;40547,765911;1;114660,244132;1;114660,244132;1;74112,478222;1;0,000000;0;;-1,000000;-1,000000;1,000000;-71402,724530;-111950,490441;-0,373168;-1,000000;-74112,478222;-0,247042;-1,000000
959;55;0,616246;23514,171050;1,000000;23514,171050;1;0,000000;0,000000;0,000000;0;0,000000;0;82380,563662;0,000000;0,000000;0;84,680895;0;0,000000;0;23514,171050;1;23514,171050;1;105894,734712;1;0,000000;0;-82380,563662;0;;-1,000000;-1,000000;-1,000000;-82380,563662;-105894,734712;-0,352982;-1,000000;-82380,563662;-0,274602;-1,000000
959;56;0,616246;27261,326069;1,000000;27261,326069;1;0,000000;0,000000;0,000000;0;0,000000;0;42396,895851;1,000000;42396,895851;1;60,684532;0;0,000000;0;27261,326069;1;69658,221920;1;69658,221920;1;42396,895851;1;0,000000;0;;-1,000000;-1,000000;1,000000;-42396,895851;-69658,221920;-0,232194;-1,000000;-42396,895851;-0,141323;-1,000000
959;57;0,616246;34997,115091;0,000000;0,000000;1;0,000000;1,000000;0,000000;0;0,000000;0;68715,715930;1,000000;68715,715930;1;54,777530;0;34997,115091;0;0,000000;0;68715,715930;1;68715,715930;1;68715,715930;1;0,000000;0;;1,000000;-1,000000;-1,000000;-33718,600839;-33718,600839;-0,112395;-1,000000;-68715,715930;-0,229052;-1,000000
959;58;0,616246;57935,356079;1,000000;57935,356079;1;27087,200619;1,000000;-27087,200619;0;0,001129;0;0,000000;0,000000;0,000000;0;27,826944;0;0,000000;0;57935,356079;1;57935,356079;1;57935,356079;1;0,000000;0;0,000000;0;;-1,000000;0,998871;1,000000;27087,200619;-30848,155460;-0,102827;-1,000000;27087,200619;0,090291;1,000000
959;59;0,616246;21203,411946;0,000000;0,000000;1;0,000000;1,000000;0,000000;0;0,001129;0;32269,435570;1,000000;32269,435570;1;22,329749;0;21203,411946;0;0,000000;0;32269,435570;1;32269,435570;1;32269,435570;1;0,000000;0;;1,000000;-1,000000;-1,000000;-11066,023624;-11066,023624;-0,036887;-1,000000;-32269,435570;-0,107565;-1,000000
959;60;0,616246;34240,992753;1,000000;34240,992753;1;0,000000;2,000000;0,000000;0;0,001129;0;0,000000;0,000000;0,000000;0;12,692663;0;0,000000;0;34240,992753;1;34240,992753;1;31736,196689;1;0,000000;0;2504,796064;1;;1,000000;-1,000000;1,000000;2504,796064;-31736,196689;-0,105787;-1,000000;2504,796064;0,008349;0,000000
959;61;0,616246;25335,068740;0,000000;0,000000;1;0,000000;1,000000;0,000000;0;0,001129;0;29503,275687;1,000000;29503,275687;1;24,426727;0;25335,068740;0;0,000000;0;29503,275687;1;29503,275687;1;29503,275687;1;0,000000;0;;1,000000;-1,000000;-1,000000;-4168,206947;-4168,206947;-0,013894;-1,000000;-29503,275687;-0,098344;-1,000000
959;62;0,616246;26633,675962;1,000000;26633,675962;1;0,000000;1,000000;0,000000;0;0,001129;0;3585,330232;0,000000;0,000000;0;12,929997;0;0,000000;0;26633,675962;1;26633,675962;1;30219,006194;1;0,000000;0;-3585,330232;0;;-1,000000;-1,000000;1,000000;-3585,330232;-30219,006194;-0,100730;-1,000000;-3585,330232;-0,011951;-1,000000
959;63;0,616246;25237,653290;1,000000;25237,653290;1;1557,077165;1,000000;-1557,077165;0;0,001194;0;0,000000;1,000000;0,000000;0;19,539637;0;0,000000;0;25237,653290;1;25237,653290;1;25237,653290;1;0,000000;0;0,000000;0;;1,000000;-1,000000;-1,000000;1557,077165;-23680,576125;-0,078935;-1,000000;1557,077165;0,005190;0,000000
959;64;0,616246;22117,808780;0,000000;0,000000;1;0,000000;1,000000;0,000000;0;0,001194;0;75789,331533;1,000000;75789,331533;1;48,599551;0;23898,679101;0;0,000000;0;75789,331533;1;75789,331533;1;75789,331533;1;0,000000;0;;1,000000;-1,000000;-1,000000;-51890,652431;-51890,652431;-0,172969;-1,000000;-75789,331533;-0,252631;-1,000000
959;65;0,616246;18277,129509;1,000000;18277,129509;1;0,000000;0,000000;0,000000;0;0,001194;0;60366,064671;0,000000;0,000000;0;52,225968;0;2515,486814;0;18277,129509;1;18277,129509;1;78643,194180;1;0,000000;0;-60366,064671;0;;-1,000000;-1,000000;-1,000000;-57850,577857;-76127,707366;-0,253759;-1,000000;-60366,064671;-0,201220;-1,000000
959;66;0,616246;11660,075464;0,000000;0,000000;1;75104,733346;2,000000;28644,277784;0;0,000000;0;46460,455562;0,000000;0,000000;0;58,977065;0;15056,236967;0;0,000000;0;28644,277784;1;75104,733346;1;0,000000;0;-46460,455562;0;;1,000000;-1,000000;1,000000;-60048,496379;-60048,496379;-0,200162;-1,000000;-75104,733346;-0,250349;-1,000000
959;67;0,616246;22839,125283;0,000000;0,000000;1;0,000000;0,000000;0,000000;0;0,000000;0;82286,753019;0,000000;0,000000;0;63,417984;0;27844,340098;0;0,000000;0;0,000000;0;82286,753019;1;0,000000;0;-82286,753019;0;;1,000000;-1,000000;-1,000000;-54442,412921;-54442,412921;-0,181475;-1,000000;-82286,753019;-0,274289;-1,000000
959;68;0,616246;18721,714729;0,000000;0,000000;1;0,000000;0,000000;0,000000;0;0,000000;0;54910,711464;0,000000;0,000000;0;45,198204;0;25402,872458;0;0,000000;0;0,000000;0;54910,711464;1;0,000000;0;-54910,711464;0;;1,000000;-1,000000;-1,000000;-29507,839006;-29507,839006;-0,098359;-1,000000;-54910,711464;-0,183036;-1,000000
959;69;0,616246;20418,127256;0,000000;0,000000;1;0,000000;1,000000;0,000000;0;0,000000;0;58847,930179;0,000000;0,000000;0;47,934573;0;28306,458362;0;0,000000;0;0,000000;0;58847,930179;1;0,000000;0;-58847,930179;0;;1,000000;-1,000000;1,000000;-30541,471818;-30541,471818;-0,101805;-1,000000;-58847,930179;-0,196160;-1,000000
959;70;0,616246;16315,403406;0,000000;0,000000;1;58399,101284;2,000000;0,000000;0;0,000000;0;58399,101284;1,000000;58399,101284;1;48,044409;0;25043,876663;0;0,000000;0;58399,101284;1;58399,101284;1;58399,101284;1;0,000000;0;;1,000000;-1,000000;-1,000000;-33355,224621;-33355,224621;-0,111184;-1,000000;-58399,101284;-0,194664;-1,000000
959;71;0,616246;19567,811614;0,000000;0,000000;1;0,000000;1,000000;0,000000;0;0,000000;0;50962,045695;1,000000;50962,045695;1;24,714013;0;29258,816493;0;0,000000;0;50962,045695;1;50962,045695;1;50962,045695;1;0,000000;0;;1,000000;-1,000000;-1,000000;-21703,229202;-21703,229202;-0,072344;-1,000000;-50962,045695;-0,169873;-1,000000
959;72;0,616246;23094,674532;0,000000;0,000000;1;0,000000;1,000000;0,000000;0;0,000000;0;51657,356807;0,000000;0,000000;0;39,902452;0;32858,984010;0;0,000000;0;0,000000;0;51657,356807;1;0,000000;0;-51657,356807;0;;1,000000;-1,000000;1,000000;-18798,372797;-18798,372797;-0,062661;-1,000000;-51657,356807;-0,172191;-1,000000
959;73;0,616246;15275,650482;1,000000;15275,650482;1;0,000000;1,000000;0,000000;0;0,000000;0;35451,292791;0,000000;0,000000;0;29,096802;0;9315,560909;0;15275,650482;1;15275,650482;1;50726,943273;1;0,000000;0;-35451,292791;0;;-1,000000;-1,000000;1,000000;-26135,731882;-41411,382364;-0,138038;-1,000000;-35451,292791;-0,118171;-1,000000
959;74;0,616246;19617,439511;0,000000;0,000000;1;38126,768618;2,000000;0,000000;0;0,000000;0;38126,768618;0,000000;0,000000;0;35,742772;0;27404,047818;0;0,000000;0;0,000000;0;38126,768618;1;0,000000;0;-38126,768618;0;;1,000000;-1,000000;1,000000;-10722,720799;-10722,720799;-0,035742;-1,000000;-38126,768618;-0,127089;-1,000000
959;75;0,616246;16915,480540;1,000000;16915,480540;1;36061,982650;2,000000;0,000000;0;0,000000;0;36061,982650;0,000000;0,000000;0;28,675257;0;6054,796394;0;16915,480540;1;16915,480540;1;52977,463190;1;0,000000;0;-36061,982650;0;;-1,000000;-1,000000;1,000000;-30007,186256;-46922,666796;-0,156409;-1,000000;-36061,982650;-0,120207;-1,000000
959;76;0,616246;16748,741917;0,000000;0,000000;1;0,000000;1,000000;0,000000;0;0,000000;0;105830,480056;0,000000;0,000000;0;83,744285;0;21584,215736;0;0,000000;0;0,000000;0;105830,480056;1;0,000000;0;-105830,480056;0;;1,000000;-1,000000;1,000000;-84246,264321;-84246,264321;-0,280821;-1,000000;-105830,480056;-0,352768;-1,000000
959;77;0,616246;13090,151774;0,000000;0,000000;1;96788,033768;2,000000;0,000000;0;0,000000;0;96788,033768;0,000000;0,000000;0;82,458029;0;16924,320130;0;0,000000;0;0,000000;0;96788,033768;1;0,000000;0;-96788,033768;0;;1,000000;-1,000000;1,000000;-79863,713638;-79863,713638;-0,266212;-1,000000;-96788,033768;-0,322627;-1,000000
959;78;0,616246;36977,044467;0,000000;0,000000;1;0,000000;1,000000;0,000000;0;0,000000;0;100022,504155;0,000000;0,000000;0;72,837265;0;39223,204324;0;0,000000;0;0,000000;0;100022,504155;1;0,000000;0;-100022,504155;0;;1,000000;-1,000000;1,000000;-60799,299830;-60799,299830;-0,202664;-1,000000;-100022,504155;-0,333408;-1,000000
959;79;0,616246;22947,089265;0,000000;0,000000;1;0,000000;1,000000;0,000000;0;0,000000;0;94948,850487;0,000000;0,000000;0;83,233762;0;22947,089265;0;0,000000;0;0,000000;0;94948,850487;1;0,000000;0;-94948,850487;0;;1,000000;-1,000000;1,000000;-72001,761222;-72001,761222;-0,240006;-1,000000;-94948,850487;-0,316496;-1,000000
959;80;0,616246;35758,514260;1,000000;35758,514260;1;0,000000;1,000000;0,000000;0;0,000000;0;13348,338288;1,000000;13348,338288;1;48,916954;0;0,000000;0;35758,514260;1;49106,852548;1;49106,852548;1;13348,338288;1;0,000000;0;;-1,000000;-1,000000;-1,000000;-13348,338288;-49106,852548;-0,163690;-1,000000;-13348,338288;-0,044494;-1,000000
959;81;0,616246;35103,482793;0,000000;0,000000;1;54550,337134;2,000000;0,000000;0;0,000000;0;54550,337134;1,000000;54550,337134;1;43,583792;0;35103,482793;0;0,000000;0;54550,337134;1;54550,337134;1;54550,337134;1;0,000000;0;;1,000000;-1,000000;-1,000000;-19446,854340;-19446,854340;-0,064823;-1,000000;-54550,337134;-0,181834;-1,000000
959;82;0,616246;20712,025097;1,000000;20712,025097;1;0,000000;1,000000;0,000000;0;0,000000;0;6857,349225;0,000000;0,000000;0;29,945288;0;0,000000;0;20712,025097;1;20712,025097;1;27569,374322;1;0,000000;0;-6857,349225;0;;-1,000000;-1,000000;1,000000;-6857,349225;-27569,374322;-0,091898;-1,000000;-6857,349225;-0,022858;-1,000000
959;83;0,616246;22219,931112;0,000000;0,000000;1;0,000000;1,000000;0,000000;0;0,000000;0;28403,171709;1,000000;28403,171709;1;23,511604;0;22219,931112;0;0,000000;0;28403,171709;1;28403,171709;1;28403,171709;1;0,000000;0;;1,000000;-1,000000;-1,000000;-6183,240596;-6183,240596;-0,020611;-1,000000;-28403,171709;-0,094677;-1,000000
959;84;0,616246;50066,797072;1,000000;50066,797072;1;0,000000;2,000000;0,000000;0;0,000000;0;0,000000;1,000000;0,000000;0;24,907505;0;0,000000;0;50066,797072;1;50066,797072;1;25684,886595;1;0,000000;0;24381,910477;1;;-1,000000;-1,000000;-1,000000;24381,910477;-25684,886595;-0,085616;-1,000000;24381,910477;0,081273;1,000000
959;85;0,616246;43888,470731;0,000000;0,000000;1;0,000000;1,000000;0,000000;0;0,000000;0;26699,586749;0,000000;0,000000;0;24,427001;0;43888,470731;0;0,000000;0;0,000000;0;26699,586749;1;0,000000;0;-26699,586749;0;;-1,000000;-1,000000;1,000000;17188,883981;17188,883981;0,057296;1,000000;-26699,586749;-0,088999;-1,000000
959;86;0,616246;30285,659271;1,000000;30285,659271;1;335,187719;1,000000;-335,187719;0;0,000014;0;0,000000;0,000000;0,000000;0;25,107567;0;0,000000;0;30285,659271;1;30285,659271;1;30285,659271;1;0,000000;0;0,000000;0;;1,000000;-1,000000;1,000000;335,187719;-29950,471553;-0,099835;-1,000000;335,187719;0,001117;0,000000
959;87;0,616246;32490,349703;1,000000;32490,349703;1;5956,371127;1,000000;-5956,371127;0;0,000262;0;0,000000;0,000000;0,000000;0;21,018393;0;0,000000;0;32490,349703;1;32490,349703;1;32490,349703;1;0,000000;0;0,000000;0;;-1,000000;0,999738;1,000000;5956,371127;-26533,978576;-0,088447;-1,000000;5956,371127;0,019855;1,000000
959;88;0,616246;25711,859364;0,000000;0,000000;1;0,000000;1,000000;0,000000;0;0,000262;0;81032,858577;0,000000;0,000000;0;49,082918;0;27202,155059;0;0,000000;0;0,000000;0;81032,858577;1;0,000000;0;-81032,858577;0;;1,000000;-1,000000;1,000000;-53830,703518;-53830,703518;-0,179436;-1,000000;-81032,858577;-0,270110;-1,000000
959;89;0,616246;20295,429049;0,000000;0,000000;1;0,000000;1,000000;0,000000;0;0,000262;0;81654,472012;0,000000;0,000000;0;55,177981;0;22466,964359;0;0,000000;0;0,000000;0;81654,472012;1;0,000000;0;-81654,472012;0;;1,000000;-1,000000;1,000000;-59187,507653;-59187,507653;-0,197292;-1,000000;-81654,472012;-0,272182;-1,000000
959;90;0,616246;15031,791491;0,000000;0,000000;1;0,000000;0,000000;0,000000;0;0,000262;0;89298,743938;1,000000;89298,743938;1;59,371958;0;18301,511024;0;0,000000;0;89298,743938;1;89298,743938;1;89298,743938;1;0,000000;0;;1,000000;-1,000000;1,000000;-70997,232915;-70997,232915;-0,236657;-1,000000;-89298,743938;-0,297662;-1,000000
959;91;0,616246;9009,712707;0,000000;0,000000;1;83652,558775;2,000000;6291,558846;0;0,000000;0;77360,999930;0,000000;0,000000;0;54,458279;0;13924,677222;0;0,000000;0;6291,558846;1;83652,558775;1;0,000000;0;-77360,999930;0;;1,000000;-1,000000;1,000000;-69727,881553;-69727,881553;-0,232426;-1,000000;-83652,558775;-0,278842;-1,000000
959;92;0,616246;12264,406287;0,000000;0,000000;1;0,000000;1,000000;0,000000;0;0,000000;0;59096,713073;0,000000;0,000000;0;50,072010;0;18077,305837;0;0,000000;0;0,000000;0;59096,713073;1;0,000000;0;-59096,713073;0;;1,000000;-1,000000;1,000000;-41019,407236;-41019,407236;-0,136731;-1,000000;-59096,713073;-0,196989;-1,000000
959;93;0,616246;18412,298800;0,000000;0,000000;1;55211,559976;2,000000;0,000000;0;0,000000;0;55211,559976;1,000000;55211,559976;1;35,283578;0;25344,069593;0;0,000000;0;55211,559976;1;55211,559976;1;55211,559976;1;0,000000;0;;1,000000;-1,000000;-1,000000;-29867,490383;-29867,490383;-0,099558;-1,000000;-55211,559976;-0,184039;-1,000000
959;94;0,616246;13136,639866;0,000000;0,000000;1;0,000000;1,000000;0,000000;0;0,000000;0;59324,612393;1,000000;59324,612393;1;43,921666;0;20110,952457;0;0,000000;0;59324,612393;1;59324,612393;1;59324,612393;1;0,000000;0;;1,000000;-1,000000;-1,000000;-39213,659936;-39213,659936;-0,130712;-1,000000;-59324,612393;-0,197749;-1,000000
