episode;step;epsilon;potential_wind#0;action_wind#0;power_wind#0;idx_wind#0;potential_battery#0;action_battery#0;power_battery#0;idx_battery#0;soc_battery#0;soc_idx_battery#0;potential_grid#0;action_grid#0;power_grid#0;idx_grid#0;env_price;env_price_idx;env_renewable_potential;env_renewable_potential_idx;env_total_renewable;env_total_renewable_idx;env_total_power;env_total_power_idx;env_demand_power;env_demand_power_idx;env_grid_power;env_grid_power_idx;env_energy_balance;env_energy_balance_idx;env_delta_power_idx;reward_wind#0;reward_battery#0;reward_grid#0;env_delta_ph_initial;env_delta_ph_final;env_delta_ph_norm;env_delta_ph_idx;env_real_balance;env_real_balance_norm;env_real_balance_idx
572;-1;0,000000;;;0,000000;1;;;0,000000;0;0,119595;0;;;0,000000;0;0,000000;0;0,000000;0;0,000000;0;0,000000;0;0,000000;0;0,000000;0;0,000000;0;surplus;0,000000;0,000000;0,000000;;;;;;;
572;0;0,618412;17454,354531;0,000000;0,000000;1;0,000000;1,000000;0,000000;0;0,119595;0;51139,371141;0,000000;0,000000;0;174,085816;1;17454,354531;0;0,000000;0;0,000000;0;51139,371141;1;0,000000;0;-51139,371141;0;;1,000000;-1,000000;1,000000;-33685,016610;-33685,016610;-0,112283;-1,000000;-51139,371141;-0,170465;-1,000000
572;1;0,618412;29131,888555;1,000000;29131,888555;1;0,000000;1,000000;0,000000;0;0,119595;0;33968,655582;0,000000;0,000000;0;188,579568;1;29131,888555;0;29131,888555;1;29131,888555;1;63100,544137;1;0,000000;0;-33968,655582;0;;-1,000000;-1,000000;1,000000;-33968,655582;-63100,544137;-0,210335;-1,000000;-33968,655582;-0,113229;-1,000000
572;2;0,618412;36167,073404;0,000000;0,000000;1;0,000000;1,000000;0,000000;0;0,119595;0;49982,373827;1,000000;49982,373827;1;168,954126;1;36167,073404;0;0,000000;0;49982,373827;1;49982,373827;1;49982,373827;1;0,000000;0;;1,000000;-1,000000;-1,000000;-13815,300423;-13815,300423;-0,046051;-1,000000;-49982,373827;-0,166608;-1,000000
572;3;0,618412;48021,645049;1,000000;48021,645049;1;0,000000;0,000000;0,000000;0;0,119595;0;0,000000;1,000000;0,000000;0;185,448982;1;48021,645049;0;48021,645049;1;48021,645049;1;40780,947706;1;0,000000;0;7240,697343;1;;1,000000;-1,000000;-1,000000;7240,697343;-40780,947706;-0,135936;-1,000000;7240,697343;0,024136;1,000000
572;4;0,618412;27079,299988;0,000000;0,000000;1;0,000000;1,000000;0,000000;0;0,119595;0;46326,503967;1,000000;46326,503967;1;170,149654;1;27079,299988;0;0,000000;0;46326,503967;1;46326,503967;1;46326,503967;1;0,000000;0;;1,000000;-1,000000;-1,000000;-19247,203979;-19247,203979;-0,064157;-1,000000;-46326,503967;-0,154422;-1,000000
572;5;0,618412;48133,365376;1,000000;48133,365376;1;0,000000;0,000000;0,000000;0;0,119595;0;1729,430228;1,000000;1729,430228;1;155,553743;1;48133,365376;0;48133,365376;1;49862,795604;1;49862,795604;1;1729,430228;1;0,000000;0;;1,000000;1,000000;-0,250000;-1729,430228;-49862,795604;-0,166209;-1,000000;-1729,430228;-0,005765;0,000000
572;6;0,618412;32096,130575;0,000000;0,000000;1;0,000000;1,000000;0,000000;0;0,119595;0;54535,594525;1,000000;54535,594525;1;155,356072;1;32096,130575;0;0,000000;0;54535,594525;1;54535,594525;1;54535,594525;1;0,000000;0;;1,000000;-1,000000;-1,000000;-22439,463950;-22439,463950;-0,074798;-1,000000;-54535,594525;-0,181785;-1,000000
572;7;0,618412;41769,817001;0,000000;0,000000;1;48831,210745;2,000000;48831,210745;0;0,117561;0;0,000000;0,000000;0,000000;0;155,952816;1;41769,817001;0;0,000000;0;48831,210745;1;48831,210745;1;0,000000;0;0,000000;0;;1,000000;-1,000000;1,000000;-7061,393744;-7061,393744;-0,023538;-1,000000;-48831,210745;-0,162771;-1,000000
572;8;0,618412;33417,252888;0,000000;0,000000;1;0,000000;1,000000;0,000000;0;0,117561;0;99784,325388;1,000000;99784,325388;1;151,625994;1;33417,252888;0;0,000000;0;99784,325388;1;99784,325388;1;99784,325388;1;0,000000;0;;1,000000;-1,000000;-1,000000;-66367,072500;-66367,072500;-0,221224;-1,000000;-99784,325388;-0,332614;-1,000000
572;9;0,618412;51484,718082;0,000000;0,000000;1;103501,932238;2,000000;103501,932238;0;0,113248;0;0,000000;0,000000;0,000000;0;176,648659;1;51484,718082;0;0,000000;0;103501,932238;1;103501,932238;1;0,000000;0;0,000000;0;;1,000000;-1,000000;1,000000;-52017,214156;-52017,214156;-0,173391;-1,000000;-103501,932238;-0,345006;-1,000000
572;10;0,618412;60221,584274;0,000000;0,000000;1;96974,771930;2,000000;96974,771930;0;0,109207;0;0,000000;1,000000;0,000000;0;183,595134;1;60221,584274;0;0,000000;0;96974,771930;1;96974,771930;1;0,000000;0;0,000000;0;;1,000000;-1,000000;-1,000000;-36753,187656;-36753,187656;-0,122511;-1,000000;-96974,771930;-0,323249;-1,000000
572;11;0,618412;34136,913862;1,000000;34136,913862;1;67384,270977;2,000000;67384,270977;0;0,106400;0;0,000000;0,000000;0,000000;0;156,336420;1;34136,913862;0;34136,913862;1;101521,184839;1;101521,184839;1;0,000000;0;0,000000;0;;-1,000000;-1,000000;1,000000;-67384,270977;-101521,184839;-0,338404;-1,000000;-67384,270977;-0,224614;-1,000000
572;12;0,618412;40872,103060;1,000000;40872,103060;1;0,000000;0,000000;0,000000;0;0,106400;0;12766,678752;0,000000;0,000000;0;180,592900;1;40872,103060;0;40872,103060;1;40872,103060;1;53638,781812;1;0,000000;0;-12766,678752;0;;-1,000000;-1,000000;-1,000000;-12766,678752;-53638,781812;-0,178796;-1,000000;-12766,678752;-0,042556;-1,000000
572;13;0,618412;51519,088572;0,000000;0,000000;1;0,000000;1,000000;0,000000;0;0,106400;0;59407,947299;0,000000;0,000000;0;179,887004;1;51519,088572;0;0,000000;0;0,000000;0;59407,947299;1;0,000000;0;-59407,947299;0;;1,000000;-1,000000;1,000000;-7888,858727;-7888,858727;-0,026296;-1,000000;-59407,947299;-0,198026;-1,000000
572;14;0,618412;88425,549676;0,000000;0,000000;1;0,000000;1,000000;0,000000;0;0,106400;0;32530,614821;0,000000;0,000000;0;18,515771;0;88425,549676;0;0,000000;0;0,000000;0;32530,614821;1;0,000000;0;-32530,614821;0;;-1,000000;-1,000000;1,000000;55894,934855;55894,934855;0,186316;1,000000;-32530,614821;-0,108435;-1,000000
572;15;0,618412;43328,993046;1,000000;43328,993046;1;0,000000;0,000000;0,000000;0;0,106400;0;0,000000;1,000000;0,000000;0;22,629249;0;43328,993046;0;43328,993046;1;43328,993046;1;29495,672641;1;0,000000;0;13833,320405;1;;1,000000;-1,000000;-1,000000;13833,320405;-29495,672641;-0,098319;-1,000000;13833,320405;0,046111;1,000000
572;16;0,618412;83432,817138;1,000000;83432,817138;1;49575,255986;1,000000;-49575,255986;0;0,108465;0;0,000000;0,000000;0,000000;0;19,606329;0;83432,817138;0;83432,817138;1;83432,817138;1;83432,817138;1;0,000000;0;0,000000;0;;1,000000;0,891535;1,000000;49575,255986;-33857,561152;-0,112859;-1,000000;49575,255986;0,165251;1,000000
572;17;0,618412;82939,544217;1,000000;82939,544217;1;49111,192491;1,000000;-49111,192491;0;0,110512;0;0,000000;0,000000;0,000000;0;21,836343;0;82939,544217;0;82939,544217;1;82939,544217;1;82939,544217;1;0,000000;0;0,000000;0;;1,000000;0,889488;1,000000;49111,192491;-33828,351727;-0,112761;-1,000000;49111,192491;0,163704;1,000000
572;18;0,618412;53908,130392;1,000000;53908,130392;1;15503,709049;1,000000;-15503,709049;0;0,111158;0;0,000000;0,000000;0,000000;0;35,763069;0;53908,130392;0;53908,130392;1;53908,130392;1;53908,130392;1;0,000000;0;0,000000;0;;1,000000;0,888842;1,000000;15503,709049;-38404,421343;-0,128015;-1,000000;15503,709049;0,051679;1,000000
572;19;0,618412;51133,893583;1,000000;51133,893583;1;0,000000;0,000000;0,000000;0;0,111158;0;0,000000;1,000000;0,000000;0;20,681028;0;51133,893583;0;51133,893583;1;51133,893583;1;25889,527974;1;0,000000;0;25244,365610;1;;1,000000;-1,000000;-1,000000;25244,365610;-25889,527974;-0,086298;-1,000000;25244,365610;0,084148;1,000000
572;20;0,618412;45692,748637;0,000000;0,000000;1;0,000000;1,000000;0,000000;0;0,111158;0;94214,122015;0,000000;0,000000;0;59,948458;0;45692,748637;0;0,000000;0;0,000000;0;94214,122015;1;0,000000;0;-94214,122015;0;;1,000000;-1,000000;1,000000;-48521,373378;-48521,373378;-0,161738;-1,000000;-94214,122015;-0,314047;-1,000000
572;21;0,618412;32586,125954;0,000000;0,000000;1;0,000000;1,000000;0,000000;0;0,111158;0;91135,161301;0,000000;0,000000;0;65,089292;0;32586,125954;0;0,000000;0;0,000000;0;91135,161301;1;0,000000;0;-91135,161301;0;;1,000000;-1,000000;1,000000;-58549,035347;-58549,035347;-0,195163;-1,000000;-91135,161301;-0,303784;-1,000000
572;22;0,618412;21492,706035;0,000000;0,000000;1;0,000000;0,000000;0,000000;0;0,111158;0;98470,271361;0,000000;0,000000;0;56,317400;0;21492,706035;0;0,000000;0;0,000000;0;98470,271361;1;0,000000;0;-98470,271361;0;;1,000000;-1,000000;-1,000000;-76977,565326;-76977,565326;-0,256592;-1,000000;-98470,271361;-0,328234;-1,000000
572;23;0,618412;32519,520799;0,000000;0,000000;1;0,000000;1,000000;0,000000;0;0,111158;0;97948,946393;0,000000;0,000000;0;57,929866;0;32519,520799;0;0,000000;0;0,000000;0;97948,946393;1;0,000000;0;-97948,946393;0;;1,000000;-1,000000;1,000000;-65429,425594;-65429,425594;-0,218098;-1,000000;-97948,946393;-0,326496;-1,000000
572;24;0,618412;45557,288832;0,000000;0,000000;1;0,000000;1,000000;0,000000;0;0,111158;0;72265,215877;0,000000;0,000000;0;43,079375;0;45557,288832;0;0,000000;0;0,000000;0;72265,215877;1;0,000000;0;-72265,215877;0;;1,000000;-1,000000;1,000000;-26707,927045;-26707,927045;-0,089026;-1,000000;-72265,215877;-0,240884;-1,000000
572;25;0,618412;28086,799957;0,000000;0,000000;1;0,000000;1,000000;0,000000;0;0,111158;0;66812,506913;0,000000;0,000000;0;45,777435;0;28086,799957;0;0,000000;0;0,000000;0;66812,506913;1;0,000000;0;-66812,506913;0;;1,000000;-1,000000;1,000000;-38725,706957;-38725,706957;-0,129086;-1,000000;-66812,506913;-0,222708;-1,000000
572;26;0,618412;31156,292324;0,000000;0,000000;1;0,000000;1,000000;0,000000;0;0,111158;0;73964,374198;0,000000;0,000000;0;45,890556;0;31156,292324;0;0,000000;0;0,000000;0;73964,374198;1;0,000000;0;-73964,374198;0;;1,000000;-1,000000;1,000000;-42808,081874;-42808,081874;-0,142694;-1,000000;-73964,374198;-0,246548;-1,000000
572;27;0,618412;22228,021935;1,000000;22228,021935;1;0,000000;0,000000;0,000000;0;0,111158;0;28577,852698;1,000000;28577,852698;1;33,973481;0;22228,021935;0;22228,021935;1;50805,874633;1;50805,874633;1;28577,852698;1;0,000000;0;;-1,000000;-1,000000;1,000000;-28577,852698;-50805,874633;-0,169353;-1,000000;-28577,852698;-0,095260;-1,000000
572;28;0,618412;42293,470719;0,000000;0,000000;1;0,000000;1,000000;0,000000;0;0,111158;0;49882,565646;1,000000;49882,565646;1;30,211071;0;42293,470719;0;0,000000;0;49882,565646;1;49882,565646;1;49882,565646;1;0,000000;0;;1,000000;-1,000000;-1,000000;-7589,094927;-7589,094927;-0,025297;-1,000000;-49882,565646;-0,166275;-1,000000
572;29;0,618412;41233,921156;0,000000;0,000000;1;51950,044313;2,000000;51950,044313;0;0,108993;0;0,000000;0,000000;0,000000;0;29,049335;0;41233,921156;0;0,000000;0;51950,044313;1;51950,044313;1;0,000000;0;0,000000;0;;1,000000;-1,000000;1,000000;-10716,123157;-10716,123157;-0,035720;-1,000000;-51950,044313;-0,173167;-1,000000
572;30;0,618412;39292,555364;0,000000;0,000000;1;0,000000;0,000000;0,000000;0;0,108993;0;57540,827166;0,000000;0,000000;0;42,701426;0;39292,555364;0;0,000000;0;0,000000;0;57540,827166;1;0,000000;0;-57540,827166;0;;1,000000;-1,000000;-1,000000;-18248,271802;-18248,271802;-0,060828;-1,000000;-57540,827166;-0,191803;-1,000000
572;31;0,618412;36580,073888;1,000000;36580,073888;1;0,000000;1,000000;0,000000;0;0,108993;0;24149,629728;1,000000;24149,629728;1;39,696356;0;36580,073888;0;36580,073888;1;60729,703617;1;60729,703617;1;24149,629728;1;0,000000;0;;-1,000000;-1,000000;-1,000000;-24149,629728;-60729,703617;-0,202432;-1,000000;-24149,629728;-0,080499;-1,000000
572;32;0,618412;35845,886787;0,000000;0,000000;1;105740,781491;2,000000;105740,781491;0;0,104587;0;0,000000;1,000000;0,000000;0;84,986549;0;35845,886787;0;0,000000;0;105740,781491;1;105740,781491;1;0,000000;0;0,000000;0;;1,000000;-1,000000;-1,000000;-69894,894705;-69894,894705;-0,232983;-1,000000;-105740,781491;-0,352469;-1,000000
572;33;0,618412;55966,573499;0,000000;0,000000;1;0,000000;0,000000;0,000000;0;0,104587;0;120000,000000;0,000000;0,000000;0;86,002048;0;55966,573499;0;0,000000;0;0,000000;0;120000,000000;1;0,000000;0;-120000,000000;0;;1,000000;-1,000000;-1,000000;-64033,426501;-64033,426501;-0,213445;-1,000000;-120000,000000;-0,400000;-1,000000
572;34;0,618412;49368,825609;1,000000;49368,825609;1;0,000000;1,000000;0,000000;0;0,104587;0;70354,106898;0,000000;0,000000;0;86,290648;0;49368,825609;0;49368,825609;1;49368,825609;1;119722,932507;1;0,000000;0;-70354,106898;0;;-1,000000;-1,000000;1,000000;-70354,106898;-119722,932507;-0,399076;-1,000000;-70354,106898;-0,234514;-1,000000
572;35;0,618412;53642,723708;0,000000;0,000000;1;112077,952060;2,000000;112077,952060;0;0,099917;0;0,000000;0,000000;0,000000;0;85,100119;0;53642,723708;0;0,000000;0;112077,952060;1;112077,952060;1;0,000000;0;0,000000;0;;1,000000;-1,000000;1,000000;-58435,228353;-58435,228353;-0,194784;-1,000000;-112077,952060;-0,373593;-1,000000
572;36;0,618412;52399,683113;0,000000;0,000000;1;0,000000;1,000000;0,000000;0;0,099917;0;70434,017941;0,000000;0,000000;0;57,996835;0;52399,683113;0;0,000000;0;0,000000;0;70434,017941;1;0,000000;0;-70434,017941;0;;1,000000;-1,000000;1,000000;-18034,334828;-18034,334828;-0,060114;-1,000000;-70434,017941;-0,234780;-1,000000
572;37;0,618412;63693,252837;0,000000;0,000000;1;0,000000;1,000000;0,000000;0;0,099917;0;74896,120941;1,000000;74896,120941;1;55,222285;0;63693,252837;0;0,000000;0;74896,120941;1;74896,120941;1;74896,120941;1;0,000000;0;;1,000000;-1,000000;-1,000000;-11202,868104;-11202,868104;-0,037343;-1,000000;-74896,120941;-0,249654;-1,000000
572;38;0,618412;65234,840931;0,000000;0,000000;1;0,000000;0,000000;0,000000;0;0,099917;0;35743,206389;1,000000;35743,206389;1;165,364147;1;65234,840931;0;0,000000;0;35743,206389;1;35743,206389;1;35743,206389;1;0,000000;0;;-1,000000;-1,000000;1,000000;29491,634542;29491,634542;0,098305;1,000000;-35743,206389;-0,119144;-1,000000
572;39;0,618412;58482,151076;0,000000;0,000000;1;37991,550602;2,000000;37991,550602;0;0,098334;0;0,000000;0,000000;0,000000;0;165,754643;1;58482,151076;0;0,000000;0;37991,550602;1;37991,550602;1;0,000000;0;0,000000;0;;-1,000000;-1,000000;1,000000;20490,600474;20490,600474;0,068302;1,000000;-37991,550602;-0,126639;-1,000000
572;40;0,618412;76971,100640;0,000000;0,000000;1;0,000000;0,000000;0,000000;0;0,098334;0;26897,611988;0,000000;0,000000;0;177,947029;1;76971,100640;0;0,000000;0;0,000000;0;26897,611988;1;0,000000;0;-26897,611988;0;;-1,000000;-1,000000;-1,000000;50073,488652;50073,488652;0,166912;1,000000;-26897,611988;-0,089659;-1,000000
572;41;0,618412;61654,025719;0,000000;0,000000;1;0,000000;0,000000;0,000000;0;0,098334;0;31182,698262;0,000000;0,000000;0;180,251806;1;61654,025719;0;0,000000;0;0,000000;0;31182,698262;1;0,000000;0;-31182,698262;0;;-1,000000;-1,000000;-1,000000;30471,327457;30471,327457;0,101571;1,000000;-31182,698262;-0,103942;-1,000000
572;42;0,618412;73993,763931;1,000000;73993,763931;1;45109,157148;1,000000;-45109,157148;0;0,100214;0;0,000000;0,000000;0,000000;0;171,980853;1;73993,763931;0;73993,763931;1;73993,763931;1;73993,763931;1;0,000000;0;0,000000;0;;1,000000;0,899786;1,000000;45109,157148;-28884,606783;-0,096282;-1,000000;45109,157148;0,150364;1,000000
572;43;0,618412;64257,760856;1,000000;64257,760856;1;23482,928114;1,000000;-23482,928114;0;0,101192;0;0,000000;0,000000;0,000000;0;194,188574;1;64257,760856;0;64257,760856;1;64257,760856;1;64257,760856;1;0,000000;0;0,000000;0;;1,000000;0,898808;1,000000;23482,928114;-40774,832743;-0,135916;-1,000000;23482,928114;0,078276;1,000000
572;44;0,618412;30100,971408;0,000000;0,000000;1;0,000000;1,000000;0,000000;0;0,101192;0;97249,057649;1,000000;97249,057649;1;171,334806;1;30100,971408;0;0,000000;0;97249,057649;1;97249,057649;1;97249,057649;1;0,000000;0;;1,000000;-1,000000;-1,000000;-67148,086241;-67148,086241;-0,223827;-1,000000;-97249,057649;-0,324164;-1,000000
572;45;0,618412;44395,187774;0,000000;0,000000;1;0,000000;1,000000;0,000000;0;0,101192;0;107183,468004;1,000000;107183,468004;1;163,671182;1;44395,187774;0;0,000000;0;107183,468004;1;107183,468004;1;107183,468004;1;0,000000;0;;1,000000;-1,000000;-1,000000;-62788,280230;-62788,280230;-0,209294;-1,000000;-107183,468004;-0,357278;-1,000000
572;46;0,618412;34606,530439;0,000000;0,000000;1;92267,681953;2,000000;92267,681953;0;0,097348;0;0,000000;0,000000;0,000000;0;150,399094;1;34606,530439;0;0,000000;0;92267,681953;1;92267,681953;1;0,000000;0;0,000000;0;;1,000000;-1,000000;1,000000;-57661,151514;-57661,151514;-0,192204;-1,000000;-92267,681953;-0,307559;-1,000000
572;47;0,618412;33040,465369;0,000000;0,000000;1;0,000000;1,000000;0,000000;0;0,097348;0;91110,890901;0,000000;0,000000;0;198,528464;1;33040,465369;0;0,000000;0;0,000000;0;91110,890901;1;0,000000;0;-91110,890901;0;;1,000000;-1,000000;1,000000;-58070,425532;-58070,425532;-0,193568;-1,000000;-91110,890901;-0,303703;-1,000000
572;48;0,618412;35829,817948;1,000000;35829,817948;1;0,000000;1,000000;0,000000;0;0,097348;0;33368,905819;0,000000;0,000000;0;191,215664;1;35829,817948;0;35829,817948;1;35829,817948;1;69198,723766;1;0,000000;0;-33368,905819;0;;-1,000000;-1,000000;1,000000;-33368,905819;-69198,723766;-0,230662;-1,000000;-33368,905819;-0,111230;-1,000000
572;49;0,618412;30588,164586;0,000000;0,000000;1;0,000000;1,000000;0,000000;0;0,097348;0;76044,051137;0,000000;0,000000;0;180,777979;1;30588,164586;0;0,000000;0;0,000000;0;76044,051137;1;0,000000;0;-76044,051137;0;;1,000000;-1,000000;1,000000;-45455,886551;-45455,886551;-0,151520;-1,000000;-76044,051137;-0,253480;-1,000000
572;50;0,618412;35375,228137;1,000000;35375,228137;1;32818,676901;2,000000;32818,676901;0;0,095980;0;0,000000;0,000000;0,000000;0;191,527113;1;35375,228137;0;35375,228137;1;68193,905038;1;68193,905038;1;0,000000;0;0,000000;0;;-1,000000;-1,000000;1,000000;-32818,676901;-68193,905038;-0,227313;-1,000000;-32818,676901;-0,109396;-1,000000
572;51;0,618412;33275,623753;0,000000;0,000000;1;0,000000;1,000000;0,000000;0;0,095980;0;58136,172224;0,000000;0,000000;0;190,514462;1;33275,623753;0;0,000000;0;0,000000;0;58136,172224;1;0,000000;0;-58136,172224;0;;1,000000;-1,000000;1,000000;-24860,548471;-24860,548471;-0,082868;-1,000000;-58136,172224;-0,193787;-1,000000
572;52;0,618412;51495,985084;1,000000;51495,985084;1;0,000000;1,000000;0,000000;0;0,095980;0;6515,326112;1,000000;6515,326112;1;196,592539;1;51495,985084;0;51495,985084;1;58011,311197;1;58011,311197;1;6515,326112;1;0,000000;0;;-1,000000;-1,000000;-1,000000;-6515,326112;-58011,311197;-0,193371;-1,000000;-6515,326112;-0,021718;-1,000000
572;53;0,618412;37945,445118;0,000000;0,000000;1;0,000000;1,000000;0,000000;0;0,095980;0;57753,938459;1,000000;57753,938459;1;169,303384;1;37945,445118;0;0,000000;0;57753,938459;1;57753,938459;1;57753,938459;1;0,000000;0;;1,000000;-1,000000;-1,000000;-19808,493341;-19808,493341;-0,066028;-1,000000;-57753,938459;-0,192513;-1,000000
572;54;0,618412;35319,073294;0,000000;0,000000;1;54640,409961;2,000000;54640,409961;0;0,093704;0;0,000000;0,000000;0,000000;0;177,742612;1;35319,073294;0;0,000000;0;54640,409961;1;54640,409961;1;0,000000;0;0,000000;0;;1,000000;-1,000000;1,000000;-19321,336667;-19321,336667;-0,064404;-1,000000;-54640,409961;-0,182135;-1,000000
572;55;0,618412;30023,852877;0,000000;0,000000;1;0,000000;0,000000;0,000000;0;0,093704;0;56958,393228;0,000000;0,000000;0;154,931401;1;30023,852877;0;0,000000;0;0,000000;0;56958,393228;1;0,000000;0;-56958,393228;0;;1,000000;-1,000000;-1,000000;-26934,540351;-26934,540351;-0,089782;-1,000000;-56958,393228;-0,189861;-1,000000
572;56;0,618412;41678,700602;0,000000;0,000000;1;0,000000;0,000000;0,000000;0;0,093704;0;118091,944361;0,000000;0,000000;0;198,265771;1;41678,700602;0;0,000000;0;0,000000;0;118091,944361;1;0,000000;0;-118091,944361;0;;1,000000;-1,000000;-1,000000;-76413,243759;-76413,243759;-0,254711;-1,000000;-118091,944361;-0,393640;-1,000000
572;57;0,618412;52561,695387;0,000000;0,000000;1;0,000000;1,000000;0,000000;0;0,093704;0;118868,365098;0,000000;0,000000;0;199,256353;1;52561,695387;0;0,000000;0;0,000000;0;118868,365098;1;0,000000;0;-118868,365098;0;;1,000000;-1,000000;1,000000;-66306,669711;-66306,669711;-0,221022;-1,000000;-118868,365098;-0,396228;-1,000000
572;58;0,618412;55088,879328;0,000000;0,000000;1;120000,000000;2,000000;120000,000000;0;0,088704;0;0,000000;0,000000;0,000000;0;189,454212;1;55088,879328;0;0,000000;0;120000,000000;1;120000,000000;1;0,000000;0;0,000000;0;;1,000000;-1,000000;1,000000;-64911,120672;-64911,120672;-0,216370;-1,000000;-120000,000000;-0,400000;-1,000000
572;59;0,618412;37317,574405;0,000000;0,000000;1;0,000000;1,000000;0,000000;0;0,088704;0;120000,000000;0,000000;0,000000;0;172,706049;1;37317,574405;0;0,000000;0;0,000000;0;120000,000000;1;0,000000;0;-120000,000000;0;;1,000000;-1,000000;1,000000;-82682,425595;-82682,425595;-0,275608;-1,000000;-120000,000000;-0,400000;-1,000000
572;60;0,618412;30112,910920;0,000000;0,000000;1;0,000000;1,000000;0,000000;0;0,088704;0;66059,487208;0,000000;0,000000;0;174,828338;1;30112,910920;0;0,000000;0;0,000000;0;66059,487208;1;0,000000;0;-66059,487208;0;;1,000000;-1,000000;1,000000;-35946,576288;-35946,576288;-0,119822;-1,000000;-66059,487208;-0,220198;-1,000000
572;61;0,618412;58066,086015;1,000000;58066,086015;1;0,000000;1,000000;0,000000;0;0,088704;0;10011,386314;1,000000;10011,386314;1;171,768347;1;58066,086015;0;58066,086015;1;68077,472329;1;68077,472329;1;10011,386314;1;0,000000;0;;-1,000000;-1,000000;-1,000000;-10011,386314;-68077,472329;-0,226925;-1,000000;-10011,386314;-0,033371;-1,000000
572;62;0,618412;77241,203452;1,000000;77241,203452;1;47978,094155;1,000000;-47978,094155;0;0,090703;0;0,000000;0,000000;0,000000;0;17,590458;0;77241,203452;0;77241,203452;1;77241,203452;1;77241,203452;1;0,000000;0;0,000000;0;;1,000000;0,909297;1,000000;47978,094155;-29263,109297;-0,097544;-1,000000;47978,094155;0,159927;1,000000
572;63;0,618412;41878,399836;1,000000;41878,399836;1;0,000000;0,000000;0,000000;0;0,090703;0;0,000000;0,000000;0,000000;0;13,850977;0;41878,399836;0;41878,399836;1;41878,399836;1;33817,619757;1;0,000000;0;8060,780078;1;;1,000000;-1,000000;1,000000;8060,780078;-33817,619757;-0,112725;-1,000000;8060,780078;0,026869;1,000000
572;64;0,618412;78717,112664;1,000000;78717,112664;1;48164,022384;1,000000;-48164,022384;0;0,092710;0;0,000000;0,000000;0,000000;0;29,026498;0;78717,112664;0;78717,112664;1;78717,112664;1;78717,112664;1;0,000000;0;0,000000;0;;1,000000;0,907290;1,000000;48164,022384;-30553,090281;-0,101844;-1,000000;48164,022384;0,160547;1,000000
572;65;0,618412;60331,094352;0,000000;0,000000;1;0,000000;1,000000;0,000000;0;0,092710;0;34054,748592;0,000000;0,000000;0;27,946086;0;60331,094352;0;0,000000;0;0,000000;0;34054,748592;1;0,000000;0;-34054,748592;0;;-1,000000;-1,000000;1,000000;26276,345761;26276,345761;0,087588;1,000000;-34054,748592;-0,113516;-1,000000
572;66;0,618412;56233,255393;1,000000;56233,255393;1;0,000000;0,000000;0,000000;0;0,092710;0;0,000000;0,000000;0,000000;0;26,087154;0;56233,255393;0;56233,255393;1;56233,255393;1;37941,983937;1;0,000000;0;18291,271457;1;;1,000000;-1,000000;1,000000;18291,271457;-37941,983937;-0,126473;-1,000000;18291,271457;0,060971;1,000000
572;67;0,618412;50733,973350;1,000000;50733,973350;1;29124,553096;1,000000;-29124,553096;0;0,093923;0;0,000000;1,000000;0,000000;0;30,612265;0;50733,973350;0;50733,973350;1;50733,973350;1;50733,973350;1;0,000000;0;0,000000;0;;1,000000;0,906077;-1,000000;29124,553096;-21609,420254;-0,072031;-1,000000;29124,553096;0,097082;1,000000
572;68;0,618412;36834,305844;0,000000;0,000000;1;0,000000;1,000000;0,000000;0;0,093923;0;96398,110409;1,000000;96398,110409;1;57,257791;0;36834,305844;0;0,000000;0;96398,110409;1;96398,110409;1;96398,110409;1;0,000000;0;;1,000000;-1,000000;-1,000000;-59563,804565;-59563,804565;-0,198546;-1,000000;-96398,110409;-0,321327;-1,000000
572;69;0,618412;42145,849749;0,000000;0,000000;1;0,000000;1,000000;0,000000;0;0,093923;0;92114,259186;0,000000;0,000000;0;55,395327;0;42145,849749;0;0,000000;0;0,000000;0;92114,259186;1;0,000000;0;-92114,259186;0;;1,000000;-1,000000;1,000000;-49968,409437;-49968,409437;-0,166561;-1,000000;-92114,259186;-0,307048;-1,000000
572;70;0,618412;27245,831321;0,000000;0,000000;1;0,000000;1,000000;0,000000;0;0,093923;0;96257,001112;1,000000;96257,001112;1;51,480167;0;27245,831321;0;0,000000;0;96257,001112;1;96257,001112;1;96257,001112;1;0,000000;0;;1,000000;-1,000000;-1,000000;-69011,169790;-69011,169790;-0,230037;-1,000000;-96257,001112;-0,320857;-1,000000
572;71;0,618412;27210,339050;0,000000;0,000000;1;0,000000;0,000000;0,000000;0;0,093923;0;90150,988436;0,000000;0,000000;0;63,864183;0;27210,339050;0;0,000000;0;0,000000;0;90150,988436;1;0,000000;0;-90150,988436;0;;1,000000;-1,000000;-1,000000;-62940,649386;-62940,649386;-0,209802;-1,000000;-90150,988436;-0,300503;-1,000000
572;72;0,618412;42181,320724;1,000000;42181,320724;1;0,000000;1,000000;0,000000;0;0,093923;0;32903,179403;0,000000;0,000000;0;44,319496;0;42181,320724;0;42181,320724;1;42181,320724;1;75084,500127;1;0,000000;0;-32903,179403;0;;-1,000000;-1,000000;1,000000;-32903,179403;-75084,500127;-0,250282;-1,000000;-32903,179403;-0,109677;-1,000000
572;73;0,618412;17888,596239;0,000000;0,000000;1;0,000000;1,000000;0,000000;0;0,093923;0;73811,088461;0,000000;0,000000;0;49,320314;0;17888,596239;0;0,000000;0;0,000000;0;73811,088461;1;0,000000;0;-73811,088461;0;;1,000000;-1,000000;1,000000;-55922,492221;-55922,492221;-0,186408;-1,000000;-73811,088461;-0,246037;-1,000000
572;74;0,618412;20925,371992;0,000000;0,000000;1;72258,910348;2,000000;72258,910348;0;0,090912;0;0,000000;0,000000;0,000000;0;53,596936;0;20925,371992;0;0,000000;0;72258,910348;1;72258,910348;1;0,000000;0;0,000000;0;;1,000000;-1,000000;1,000000;-51333,538356;-51333,538356;-0,171112;-1,000000;-72258,910348;-0,240863;-1,000000
572;75;0,618412;39254,135007;0,000000;0,000000;1;0,000000;0,000000;0,000000;0;0,090912;0;61028,953796;0,000000;0,000000;0;48,153800;0;39254,135007;0;0,000000;0;0,000000;0;61028,953796;1;0,000000;0;-61028,953796;0;;1,000000;-1,000000;-1,000000;-21774,818790;-21774,818790;-0,072583;-1,000000;-61028,953796;-0,203430;-1,000000
572;76;0,618412;42324,170855;1,000000;42324,170855;1;0,000000;0,000000;0,000000;0;0,090912;0;11779,975109;1,000000;11779,975109;1;35,659894;0;42324,170855;0;42324,170855;1;54104,145964;1;54104,145964;1;11779,975109;1;0,000000;0;;-1,000000;-1,000000;1,000000;-11779,975109;-54104,145964;-0,180347;-1,000000;-11779,975109;-0,039267;-1,000000
572;77;0,618412;44211,530500;1,000000;44211,530500;1;0,000000;1,000000;0,000000;0;0,090912;0;10459,600670;0,000000;0,000000;0;38,134109;0;44211,530500;0;44211,530500;1;44211,530500;1;54671,131170;1;0,000000;0;-10459,600670;0;;-1,000000;-1,000000;1,000000;-10459,600670;-54671,131170;-0,182237;-1,000000;-10459,600670;-0,034865;-1,000000
572;78;0,618412;36457,708547;1,000000;36457,708547;1;0,000000;1,000000;0,000000;0;0,090912;0;24387,692423;0,000000;0,000000;0;35,124494;0;36457,708547;0;36457,708547;1;36457,708547;1;60845,400970;1;0,000000;0;-24387,692423;0;;-1,000000;-1,000000;1,000000;-24387,692423;-60845,400970;-0,202818;-1,000000;-24387,692423;-0,081292;-1,000000
572;79;0,618412;64377,864121;1,000000;64377,864121;1;10373,207197;1,000000;-10373,207197;0;0,091345;0;0,000000;0,000000;0,000000;0;45,920772;0;64377,864121;0;64377,864121;1;64377,864121;1;64377,864121;1;0,000000;0;0,000000;0;;1,000000;0,908655;1,000000;10373,207197;-54004,656924;-0,180016;-1,000000;10373,207197;0,034577;1,000000
572;80;0,618412;37186,289999;0,000000;0,000000;1;0,000000;0,000000;0,000000;0;0,091345;0;120000,000000;0,000000;0,000000;0;92,286896;0;37186,289999;0;0,000000;0;0,000000;0;120000,000000;1;0,000000;0;-120000,000000;0;;1,000000;-1,000000;-1,000000;-82813,710001;-82813,710001;-0,276046;-1,000000;-120000,000000;-0,400000;-1,000000
572;81;0,618412;47774,268386;0,000000;0,000000;1;0,000000;1,000000;0,000000;0;0,091345;0;117212,716312;1,000000;117212,716312;1;88,809957;0;47774,268386;0;0,000000;0;117212,716312;1;117212,716312;1;117212,716312;1;0,000000;0;;1,000000;-1,000000;-1,000000;-69438,447926;-69438,447926;-0,231461;-1,000000;-117212,716312;-0,390709;-1,000000
572;82;0,618412;40597,754519;0,000000;0,000000;1;0,000000;1,000000;0,000000;0;0,091345;0;120000,000000;0,000000;0,000000;0;89,389762;0;40597,754519;0;0,000000;0;0,000000;0;120000,000000;1;0,000000;0;-120000,000000;0;;1,000000;-1,000000;1,000000;-79402,245481;-79402,245481;-0,264674;-1,000000;-120000,000000;-0,400000;-1,000000
572;83;0,618412;52269,953100;0,000000;0,000000;1;0,000000;1,000000;0,000000;0;0,091345;0;120000,000000;1,000000;120000,000000;1;104,424230;1;52269,953100;0;0,000000;0;120000,000000;1;120000,000000;1;120000,000000;1;0,000000;0;;1,000000;-1,000000;-1,000000;-67730,046900;-67730,046900;-0,225767;-1,000000;-120000,000000;-0,400000;-1,000000
572;84;0,618412;58494,000444;1,000000;58494,000444;1;0,000000;1,000000;0,000000;0;0,091345;0;8029,320143;0,000000;0,000000;0;56,866924;0;58494,000444;0;58494,000444;1;58494,000444;1;66523,320586;1;0,000000;0;-8029,320143;0;;-1,000000;-1,000000;1,000000;-8029,320143;-66523,320586;-0,221744;-1,000000;-8029,320143;-0,026764;-1,000000
572;85;0,618412;65954,637910;0,000000;0,000000;1;0,000000;1,000000;0,000000;0;0,091345;0;70010,753558;0,000000;0,000000;0;52,396828;0;65954,637910;0;0,000000;0;0,000000;0;70010,753558;1;0,000000;0;-70010,753558;0;;1,000000;-1,000000;1,000000;-4056,115648;-4056,115648;-0,013520;-1,000000;-70010,753558;-0,233369;-1,000000
572;86;0,618412;35698,599435;0,000000;0,000000;1;0,000000;1,000000;0,000000;0;0,091345;0;37648,546347;1,000000;37648,546347;1;4,101377;0;35698,599435;0;0,000000;0;37648,546347;1;37648,546347;1;37648,546347;1;0,000000;0;;1,000000;-1,000000;-1,000000;-1949,946912;-1949,946912;-0,006500;0,000000;-37648,546347;-0,125495;-1,000000
572;87;0,618412;53376,296964;1,000000;53376,296964;1;16190,826608;1,000000;-16190,826608;0;0,092019;0;0,000000;0,000000;0,000000;0;5,293572;0;53376,296964;0;53376,296964;1;53376,296964;1;53376,296964;1;0,000000;0;0,000000;0;;1,000000;0,907981;1,000000;16190,826608;-37185,470356;-0,123952;-1,000000;16190,826608;0,053969;1,000000
572;88;0,618412;63225,433593;1,000000;63225,433593;1;0,000000;2,000000;0,000000;0;0,092019;0;0,000000;0,000000;0,000000;0;2,321954;0;63225,433593;0;63225,433593;1;63225,433593;1;31429,553210;1;0,000000;0;31795,880383;1;;1,000000;-1,000000;1,000000;31795,880383;-31429,553210;-0,104765;-1,000000;31795,880383;0,105986;1,000000
572;89;0,618412;65221,055174;1,000000;65221,055174;1;0,000000;2,000000;0,000000;0;0,092019;0;0,000000;0,000000;0,000000;0;1,149293;0;65221,055174;0;65221,055174;1;65221,055174;1;30579,435137;1;0,000000;0;34641,620036;1;;1,000000;-1,000000;1,000000;34641,620036;-30579,435137;-0,101931;-1,000000;34641,620036;0,115472;1,000000
572;90;0,618412;56967,092542;1,000000;56967,092542;1;0,000000;0,000000;0,000000;0;0,092019;0;0,000000;0,000000;0,000000;0;5,704615;0;56967,092542;0;56967,092542;1;56967,092542;1;31855,610410;1;0,000000;0;25111,482132;1;;1,000000;-1,000000;1,000000;25111,482132;-31855,610410;-0,106185;-1,000000;25111,482132;0,083705;1,000000
572;91;0,618412;64586,433047;1,000000;64586,433047;1;0,000000;0,000000;0,000000;0;0,092019;0;0,000000;1,000000;0,000000;0;9,325980;0;64586,433047;0;64586,433047;1;64586,433047;1;39420,082054;1;0,000000;0;25166,350993;1;;1,000000;-1,000000;-1,000000;25166,350993;-39420,082054;-0,131400;-1,000000;25166,350993;0,083888;1,000000
572;92;0,618412;45371,731318;1,000000;45371,731318;1;0,000000;1,000000;0,000000;0;0,092019;0;47368,217945;0,000000;0,000000;0;1,377493;0;45371,731318;0;45371,731318;1;45371,731318;1;92739,949263;1;0,000000;0;-47368,217945;0;;-1,000000;-1,000000;1,000000;-47368,217945;-92739,949263;-0,309133;-1,000000;-47368,217945;-0,157894;-1,000000
572;93;0,618412;47415,030762;0,000000;0,000000;1;0,000000;1,000000;0,000000;0;0,092019;0;94347,446233;0,000000;0,000000;0;7,048147;0;47415,030762;0;0,000000;0;0,000000;0;94347,446233;1;0,000000;0;-94347,446233;0;;1,000000;-1,000000;1,000000;-46932,415471;-46932,415471;-0,156441;-1,000000;-94347,446233;-0,314491;-1,000000
572;94;0,618412;42592,594993;1,000000;42592,594993;1;0,000000;1,000000;0,000000;0;0,092019;0;49482,791505;0,000000;0,000000;0;4,378967;0;42592,594993;0;42592,594993;1;42592,594993;1;92075,386498;1;0,000000;0;-49482,791505;0;;-1,000000;-1,000000;1,000000;-49482,791505;-92075,386498;-0,306918;-1,000000;-49482,791505;-0,164943;-1,000000
